imports done
starting degree 0
0.2633049327658817
0.2214093850024693
0.022071534418629406
0.012748401224265944
0.4333936899159005
0.04482066839588677
0.18358842791039082
0.04803821991341895
0.0975280810721482
0.27559562958158756
0.07613487312251699
0.12984626930895288
0.16621999569895363
0.023487172277652398
0.10487742118977396
0.09930361790303317
0.03240343320776945
0.05278478860353597
0.27638579042831163
0.03290262859140567
0.019510021140313475
0.034179546996541015
0.5812980113942962
0.040762409914901
0.026414117156140553
0.03969663266721631
0.016212875993495978
0.06874989660763395
0.15240657549842643
0.013504555120770296
0.3593112079811698
0.11503567086858017
0.18997704260352943
0.2422239132864425
0.09518314077427209
0.0022648490805098763
0.19738134700981488
0.03211040677664811
0.05380946848770462
0.11992894418946914
0.09959352461489544
0.12683066365763582
0.035649316789915605
0.08098466272033418
0.11462921776955681
0.35477529561374366
0.02971689204759927
0.00985835053799171
0.0570456218098995
0.1060719702613774
0.1345774322888809
0.0701736644065361
0.13050916436993756
0.0014842108381834071
0.1169965780167666
0.0396348130058275
0.024489542778576012
0.08605210471237319
0.026571587384137778
0.0540602888999925
0.012993886274293506
0.04804478557899849
0.11258922574572526
0.0024812203856523075
0.36232737067012055
0.2385609709804821
0.013398853240021788
0.02214507209938638
0.03035529456821477
0.16594554567247274
0.07922936339292472
0.09685169710507016
0.05615395300638501
0.03513219876472609
0.06069724975042959
0.08875612701958695
0.06170945863471993
0.11546353887094972
0.00913842625016169
0.11200964344677898
0.0022505720285085954
0.019928950332224676
0.012968783177610825
0.9345312403592223
0.057228645449601684
0.12650186619230447
0.06135070076458111
0.07232153906753407
0.012345038256777864
0.04834379825545046
0.032274190440355024
0.08884348145714385
0.29299781381012724
0.3493990948598528
0.02365263969472745
0.03516936272108487
0.04424865634637448
0.18723696037912757
0.005904929913241877
0.0849056169741733
0.38135826541901774
2.544503631851412
0.18053372894418931
1.2730296284790914
1.7096056379349847
2.454874968367214
0.15398167576342542
0.9826806620135758
0.6157918641493993
0.14578146768826786
0.49022815732431946
2.0480393630325064
0.969874017973166
3.036045643445387
1.6160459545937174
3.099415992235644
0.5317166881976376
0.9138332929741438
0.8655813158734338
0.5680945383872227
0.900989903804721
1.313465887040648
0.95306310946217
1.5286380622628268
0.6635817904502549
Average error for degree 0: 0.3268292280496802
starting degree 1
2.5732212739481697e-15
1.3954106411675404e-15
1.0715128534794667e-15
3.2580926332205075e-16
1.4705215468668579e-15
2.7139236455035547e-16
8.239858833704601e-16
8.532558821302005e-16
2.632077055435194e-15
2.3534444579606642e-15
1.9399009474532293e-15
8.381152584522027e-16
1.1799437168039018e-15
6.869190785802329e-16
1.2470361993241737e-15
6.238230911156335e-16
2.82993701131769e-16
3.997951703944416e-16
2.138246646387922e-15
5.151967307827429e-16
2.855106402290577e-16
1.0369129415585326e-15
2.7415800836172446e-15
6.576285107743969e-16
4.101055321820372e-16
3.912493521361108e-16
6.925048068381795e-16
1.103109402268281e-15
9.19104455037905e-16
4.536734126897523e-16
1.657454490174894e-15
1.9300492256488314e-15
1.5868399958532871e-15
1.6831046502241414e-15
8.752560996744982e-16
2.586277041782953e-16
1.0194083259818988e-15
5.275654793039943e-16
4.640831034072621e-16
8.532111184104062e-16
9.304687110381831e-16
1.3346379583178714e-15
6.568979871423277e-16
1.3167265774159321e-15
6.263691356463914e-16
2.046724291117484e-15
6.734802103052098e-16
2.6716870762043095e-16
5.984220238701249e-16
8.087085165150806e-16
1.6144630926617096e-15
1.4851274364929938e-15
7.737166415556191e-16
2.41336726529353e-16
1.1424791551962e-15
7.720192405351926e-16
7.338497721341289e-16
6.13955827101775e-16
3.1904575377848345e-16
5.770577892172475e-16
7.427983087580336e-16
3.7569029270590536e-16
1.668609117203875e-15
6.378697701108966e-16
2.668676490645717e-15
1.5495158319058991e-15
7.12095018796908e-16
5.581346907798908e-16
1.422097398640979e-15
1.5224250957394593e-15
1.2378999084012924e-15
6.3064245252282e-16
7.22488110268832e-16
4.3524293650006655e-16
2.255664999007335e-15
9.90708713640987e-16
7.668652228035846e-16
5.845045313078401e-16
6.832361464837288e-16
5.605836551067342e-16
6.729835671008828e-16
1.3661474454668851e-15
1.8304607624427004e-16
3.471522777938231e-15
1.0773665903106795e-15
5.875936670005061e-16
5.594231264831114e-16
6.707169494520395e-16
8.403560532393834e-16
3.341401155472175e-16
8.799480668634024e-16
7.677013399530356e-16
2.060096806412873e-15
1.627589043643873e-15
5.550772848753625e-16
6.579897326422988e-16
1.5025921399905761e-15
9.67107983726556e-16
5.613239877120891e-16
1.1297254275070143e-15
1.6182888356682316e-15
1.1204557711658975e-14
1.0670866121769983e-15
7.320373112710655e-15
8.64141227202412e-15
1.466693616932652e-14
1.2299932916426605e-15
3.451813987799859e-15
4.161774098208445e-15
6.312092273182534e-16
2.6648918946956076e-15
1.5412061102425752e-14
6.061618150762713e-15
8.308548251913072e-15
6.500334399699243e-15
1.01259462164744e-14
1.957573232396897e-15
5.692176555086113e-15
2.8849107011227897e-15
2.3058601736477748e-15
4.525882652186292e-15
6.859458791528413e-15
5.992002794200714e-15
8.338224581677517e-15
2.8150521360140612e-15
Average error for degree 1: 1.9707073637827613e-15
starting degree 2
2.5200822978713177e-15
1.3818266820958723e-15
9.684697372869594e-16
3.20590414040452e-16
1.4341205464861114e-15
2.700030920483627e-16
7.746915565563765e-16
8.40644508992247e-16
2.628240754167576e-15
2.3133420093487995e-15
1.9130022338619957e-15
8.20920361359848e-16
1.17159993350774e-15
6.584319129034166e-16
1.1998415122843642e-15
6.231450786768554e-16
2.736172471075376e-16
3.751176655770674e-16
2.0812943283618833e-15
5.0077877666233e-16
2.7952544186309447e-16
1.0352516199925402e-15
2.623211408475727e-15
6.275148925736974e-16
3.869217973279646e-16
3.4984147429830755e-16
6.75798671744549e-16
1.0682169559256429e-15
8.706615286086001e-16
4.496829577118811e-16
1.6241108096646666e-15
1.882264009310611e-15
1.4734091590024514e-15
1.660224955895492e-15
8.144175463324077e-16
2.515594686237846e-16
1.0040473229026665e-15
5.196500728908791e-16
4.585833238303255e-16
8.459733908164657e-16
9.14296078761252e-16
1.32338852403572e-15
6.540371083858266e-16
1.3000820669251703e-15
6.198723641683933e-16
1.989207170844021e-15
6.694906674077377e-16
2.641429320696716e-16
5.968645055434456e-16
7.751422774461889e-16
1.5901604569764664e-15
1.474187599083703e-15
7.528237143520664e-16
2.324621010122868e-16
1.130650037048041e-15
7.544429046821118e-16
7.146951079654819e-16
6.000187392042685e-16
3.1880347629034524e-16
5.759761291498704e-16
7.32227660992206e-16
3.6161427415379003e-16
1.627409110498747e-15
6.332602196993224e-16
2.6425170417430212e-15
1.3992681509610474e-15
6.573278970856769e-16
5.567797545139968e-16
1.4017620030779784e-15
1.4596085589959001e-15
1.2316218019619014e-15
6.231676603987369e-16
7.003510010377634e-16
4.295823578854904e-16
2.2495636438275483e-15
9.75523493928113e-16
7.001299411932802e-16
5.829086465266733e-16
6.663650925048239e-16
5.572929241241753e-16
6.672464561986034e-16
1.3540294890188043e-15
1.8127408506443277e-16
3.3768953553937676e-15
1.0687978389808861e-15
5.789125214931096e-16
5.291055395947917e-16
6.615164131436939e-16
8.332108664979584e-16
3.241693554861153e-16
8.629521854240816e-16
7.633813333749677e-16
2.030849683854005e-15
1.6157789419392043e-15
5.515988994204426e-16
6.497173739832183e-16
1.4982092362596693e-15
9.573006986617313e-16
5.368717206055769e-16
1.1118899813216672e-15
1.5895576089404604e-15
1.0871423246597337e-14
1.0495889820856813e-15
7.1131494385744e-15
8.322760910460718e-15
1.4544601114427965e-14
1.194447555000686e-15
3.3514993018620973e-15
4.118103630908136e-15
5.968488028117998e-16
2.6187997881564623e-15
1.5145633940440128e-14
5.629637915874135e-15
8.103117049687026e-15
6.220594705968371e-15
9.927713770967424e-15
1.9157351334963814e-15
5.610081248357756e-15
2.8134021717702862e-15
2.0387022979354668e-15
4.471521880852306e-15
6.522714907510883e-15
5.891673654755388e-15
8.179967835896364e-15
2.7692430270528664e-15